0,1,2.69534
0,14,1.361
0,23,1.27014
0,61,2.19974
1,0,2.69534
1,18,1.93271
1,38,2.46553
1,70,2.11325
1,72,1.4825
1,119,1.2317
1,129,2.66982
2,5,2.85793
2,13,2.8385
2,60,2.79578
2,86,2.34177
2,94,0.56638
2,111,1.44738
2,115,2.64683
2,124,1.81662
2,134,2.72673
3,22,2.39929
3,24,1.7038
3,27,2.74541
3,29,2.85243
3,32,2.57206
3,40,2.14521
3,62,0.812975
3,100,0.461664
3,128,1.93435
3,135,2.68306
4,12,2.23025
4,31,1.13199
4,36,2.46289
4,42,0.448976
4,45,0.430675
4,48,2.75105
4,58,1.92054
4,64,0.921083
4,83,2.09566
4,90,0.672796
4,120,1.82056
4,125,2.09716
5,2,2.85793
5,86,1.25966
5,134,1.07504
6,13,1.56982
6,35,2.27501
6,55,0.858007
6,71,2.96679
6,81,2.30978
6,106,2.40557
6,109,2.406
6,111,2.64092
6,124,2.28973
7,47,2.97621
7,112,1.65526
7,121,1.08041
8,15,0.546837
8,86,2.98077
8,113,0.452892
8,125,1.97931
8,127,1.05192
8,139,1.08057
9,26,2.21126
9,53,2.87215
9,57,0.555423
9,116,2.75405
9,123,2.59266
9,126,2.77368
9,130,2.84648
10,41,1.98357
10,50,2.00026
10,77,0.618938
10,78,1.83311
11,34,2.94358
11,39,1.04561
11,69,1.62941
11,80,1.92579
11,96,2.76019
11,107,2.33852
11,114,2.64628
11,118,1.16186
11,141,1.7022
11,145,0.930423
12,4,2.23025
12,31,2.95651
12,36,1.79717
12,42,2.64695
12,45,1.92811
12,64,1.62174
12,85,2.93586
12,90,2.40535
13,2,2.8385
13,6,1.56982
13,35,1.6897
13,55,2.42647
13,60,1.95785
13,81,1.62599
13,94,2.42131
13,109,2.79109
13,111,1.49692
13,115,2.71228
13,124,1.09568
14,0,1.361
14,19,1.85393
14,20,2.98129
14,23,0.331484
14,41,2.82995
14,50,2.73487
14,51,1.98373
14,102,2.25001
15,8,0.546837
15,86,2.58697
15,113,0.896298
15,125,2.32241
15,127,1.581
15,134,2.55907
15,139,0.723792
16,30,1.55626
16,68,1.64112
16,76,2.72778
16,82,2.69845
16,89,2.73632
16,133,2.70418
17,127,2.35435
17,144,0.407662
18,1,1.93271
18,23,2.79122
18,70,1.29739
18,102,2.70011
18,105,2.43673
18,119,2.94033
19,14,1.85393
19,20,2.89305
19,23,2.13657
19,41,2.2133
19,47,2.02663
19,50,1.51254
19,51,1.42851
19,102,2.70983
20,14,2.98129
20,19,2.89305
20,23,2.92394
20,51,1.4651
20,102,0.937303
20,105,1.2607
20,121,1.93281
20,132,1.22907
21,67,2.8986
21,143,2.56799
22,3,2.39929
22,27,2.81863
22,33,2.55749
22,62,2.81392
22,97,2.47273
22,100,2.08889
22,103,2.05814
22,128,1.45126
22,135,2.09633
23,0,1.27014
23,14,0.331484
23,18,2.79122
23,19,2.13657
23,20,2.92394
23,51,2.08011
23,102,2.12505
23,105,2.85588
24,3,1.7038
24,27,1.97534
24,54,2.65379
24,62,0.891029
24,100,1.59103
24,135,2.45061
25,44,1.91761
25,137,2.98762
26,9,2.21126
26,37,1.24733
26,53,1.20928
26,56,2.36386
26,57,2.08795
26,91,1.46364
26,93,2.9701
26,101,1.69752
26,104,2.55729
26,116,1.19639
26,123,1.84601
26,130,1.63881
26,138,1.7314
27,3,2.74541
27,22,2.81863
27,24,1.97534
27,54,1.2135
27,62,2.26494
27,100,2.32568
27,135,0.838365
28,55,2.74983
28,71,1.92557
28,79,1.81853
28,106,1.47272
28,109,2.67705
28,112,2.55808
28,121,2.80933
28,132,2.25993
29,3,2.85243
29,32,0.744701
29,40,0.70732
29,66,1.08918
29,67,2.22701
29,76,2.14714
29,82,2.71769
29,128,2.87616
29,133,2.84253
30,16,1.55626
30,89,2.40224
31,4,1.13199
31,12,2.95651
31,36,2.42594
31,42,0.816652
31,45,1.12531
31,48,2.05855
31,58,2.47324
31,64,2.01743
31,83,2.31243
31,90,0.572718
31,95,2.54401
31,110,2.49104
31,120,2.60703
32,3,2.57206
32,29,0.744701
32,40,0.725533
32,66,0.753681
32,67,1.50748
32,76,2.88367
33,22,2.55749
33,97,2.28085
33,103,2.50101
33,126,1.26089
34,11,2.94358
34,38,1.34282
34,39,2.61945
34,69,1.34127
34,80,1.9363
34,96,0.355599
34,107,1.14676
34,114,1.05496
34,118,2.44253
34,129,0.851324
34,141,1.40363
34,145,2.14143
35,6,2.27501
35,13,1.6897
35,55,2.88414
35,60,2.07882
35,65,2.14227
35,81,0.134635
35,109,1.54998
35,115,2.95296
35,124,2.71857
35,142,1.93883
36,4,2.46289
36,12,1.79717
36,31,2.42594
36,42,2.65975
36,45,2.0331
36,48,1.48812
36,64,2.53307
36,85,1.25291
36,90,2.11812
36,98,1.71637
36,136,2.63273
37,26,1.24733
37,53,1.33094
37,56,1.20295
37,91,0.858238
37,93,2.8472
37,101,0.508459
37,104,1.31859
37,116,1.56825
37,123,2.35885
37,130,2.05017
37,138,0.48408
38,1,2.46553
38,34,1.34282
38,69,2.60301
38,72,1.93809
38,96,1.68277
38,107,2.47758
38,114,2.33401
38,119,1.75425
38,129,0.581254
38,141,2.71897
39,11,1.04561
39,34,2.61945
39,69,1.33767
39,80,1.02653
39,96,2.33835
39,107,1.68676
39,114,1.98036
39,118,0.196201
39,141,1.21583
39,145,1.36793
40,3,2.14521
40,29,0.70732
40,32,0.725533
40,62,2.8095
40,66,1.4313
40,67,2.11956
40,76,2.48237
40,82,2.9151
40,100,2.56187
40,103,2.87267
40,128,2.38139
41,10,1.98357
41,14,2.82995
41,19,2.2133
41,50,0.956972
41,61,2.84706
41,77,2.29171
41,78,1.66684
41,131,1.88542
42,4,0.448976
42,12,2.64695
42,31,0.816652
42,36,2.65975
42,45,0.740836
42,48,2.7002
42,58,1.80653
42,64,1.3596
42,83,1.83584
42,90,0.587399
42,95,2.7508
42,120,1.84193
42,125,2.37783
43,84,0.604753
43,88,2.15777
43,92,0.989001
43,133,2.62996
43,146,1.78297
44,25,1.91761
44,52,2.64017
44,53,2.77202
44,93,1.27274
44,123,2.05982
44,137,2.81235
45,4,0.430675
45,12,1.92811
45,31,1.12531
45,36,2.0331
45,42,0.740836
45,48,2.41544
45,58,2.35058
45,64,0.949295
45,83,2.51279
45,90,0.556776
45,120,2.22928
46,75,2.69001
46,85,2.75854
46,87,2.52261
46,98,2.21246
46,136,1.93865
47,7,2.97621
47,19,2.02663
47,50,2.56262
47,51,2.41951
47,121,2.83716
48,4,2.75105
48,31,2.05855
48,36,1.48812
48,42,2.7002
48,45,2.41544
48,52,2.03593
48,75,2.49347
48,85,1.52121
48,90,2.12928
48,98,2.02631
48,137,2.24857
49,61,1.4481
49,80,2.6117
49,107,2.6382
49,114,2.47215
49,131,2.38936
50,10,2.00026
50,14,2.73487
50,19,1.51254
50,41,0.956972
50,47,2.56262
50,51,2.94086
50,77,2.50706
50,78,2.45203
50,131,2.84019
51,14,1.98373
51,19,1.42851
51,20,1.4651
51,23,2.08011
51,47,2.41951
51,50,2.94086
51,102,1.4179
51,105,2.31887
51,121,2.49877
51,132,2.6928
52,44,2.64017
52,48,2.03593
52,53,2.87223
52,56,2.41805
52,75,2.244
52,85,2.96933
52,91,2.5983
52,93,1.75265
52,137,1.66848
53,9,2.87215
53,26,1.20928
53,37,1.33094
53,44,2.77202
53,52,2.87223
53,56,1.84982
53,57,2.95582
53,91,0.729733
53,93,1.77415
53,101,1.80962
53,104,2.43502
53,116,2.29686
53,123,1.03921
53,130,2.78239
53,138,1.65308
54,24,2.65379
54,27,1.2135
54,135,1.8986
55,6,0.858007
55,13,2.42647
55,28,2.74983
55,35,2.88414
55,71,2.11052
55,79,2.18425
55,81,2.94747
55,106,1.59405
55,109,2.54748
56,26,2.36386
56,37,1.20295
56,52,2.41805
56,53,1.84982
56,91,1.12341
56,93,2.60706
56,101,1.07467
56,104,0.867828
56,116,2.73718
56,123,2.80324
56,138,0.824645
57,9,0.555423
57,26,2.08795
57,53,2.95582
57,116,2.39442
57,123,2.86671
57,130,2.41258
58,4,1.92054
58,31,2.47324
58,42,1.80653
58,45,2.35058
58,59,2.62174
58,64,2.21792
58,83,0.692834
58,90,2.39355
58,95,2.75305
58,117,1.96131
58,120,0.560984
58,122,2.48853
58,125,1.87265
59,58,2.62174
59,83,2.88686
59,99,2.93933
59,117,0.928737
59,120,2.66351
59,122,0.441388
59,140,1.77676
60,2,2.79578
60,13,1.95785
60,35,2.07882
60,65,2.22561
60,81,1.94426
60,94,2.22989
60,111,2.32911
60,115,0.886502
60,124,2.16225
61,0,2.19974
61,41,2.84706
61,49,1.4481
61,131,1.67724
62,3,0.812975
62,22,2.81392
62,24,0.891029
62,27,2.26494
62,40,2.8095
62,100,0.778618
62,128,2.66869
62,135,2.44291
63,95,1.15163
63,108,0.2093
63,110,1.53454
64,4,0.921083
64,12,1.62174
64,31,2.01743
64,36,2.53307
64,42,1.3596
64,45,0.949295
64,58,2.21792
64,83,2.62649
64,90,1.48015
64,120,1.88042
65,35,2.14227
65,60,2.22561
65,81,2.08998
65,115,2.65013
65,142,1.71578
66,29,1.08918
66,32,0.753681
66,40,1.4313
66,67,1.41712
67,21,2.8986
67,29,2.22701
67,32,1.50748
67,40,2.11956
67,66,1.41712
68,16,1.64112
68,73,2.81601
68,76,2.74922
68,82,2.28867
69,11,1.62941
69,34,1.34127
69,38,2.60301
69,39,1.33767
69,80,1.06185
69,96,1.13127
69,107,0.861063
69,114,1.13382
69,118,1.18637
69,129,2.18203
69,141,0.293827
69,145,0.981641
70,1,2.11325
70,18,1.29739
70,72,2.54971
70,119,2.59656
71,6,2.96679
71,28,1.92557
71,55,2.11052
71,79,0.134413
71,106,0.798549
72,1,1.4825
72,38,1.93809
72,70,2.54971
72,119,0.342034
72,129,2.41927
73,68,2.81601
73,89,0.917439
74,77,2.96621
74,78,1.75583
74,131,1.97847
75,46,2.69001
75,48,2.49347
75,52,2.244
75,85,2.01854
75,98,1.86069
75,137,0.583919
76,16,2.72778
76,29,2.14714
76,32,2.88367
76,40,2.48237
76,68,2.74922
76,82,0.737529
76,128,2.93987
76,133,2.25682
77,10,0.618938
77,41,2.29171
77,50,2.50706
77,74,2.96621
77,78,1.62325
78,10,1.83311
78,41,1.66684
78,50,2.45203
78,74,1.75583
78,77,1.62325
78,131,1.46306
79,28,1.81853
79,55,2.18425
79,71,0.134413
79,106,0.788627
80,11,1.92579
80,34,1.9363
80,39,1.02653
80,49,2.6117
80,69,1.06185
80,96,1.59693
80,107,0.815537
80,114,1.05288
80,118,0.838083
80,129,2.7513
80,141,0.77494
80,145,1.76479
81,6,2.30978
81,13,1.62599
81,35,0.134635
81,55,2.94747
81,60,1.94426
81,65,2.08998
81,109,1.68458
81,115,2.81892
81,124,2.63338
81,142,1.99923
82,16,2.69845
82,29,2.71769
82,40,2.9151
82,68,2.28867
82,76,0.737529
82,133,2.89117
83,4,2.09566
83,31,2.31243
83,42,1.83584
83,45,2.51279
83,58,0.692834
83,59,2.88686
83,64,2.62649
83,90,2.39741
83,95,2.07611
83,117,2.40322
83,120,1.2448
83,122,2.65436
83,125,2.54042
84,43,0.604753
84,88,1.97724
84,92,0.933577
84,133,2.02589
84,146,1.3988
85,12,2.93586
85,36,1.25291
85,46,2.75854
85,48,1.52121
85,52,2.96933
85,75,2.01854
85,98,0.546146
85,136,2.17269
85,137,2.16406
86,2,2.34177
86,5,1.25966
86,8,2.98077
86,15,2.58697
86,94,2.84902
86,111,2.88787
86,134,0.416867
86,139,1.90264
87,46,2.52261
87,136,1.28252
88,43,2.15777
88,84,1.97724
88,92,1.16985
88,133,2.67754
88,146,0.843184
89,16,2.73632
89,30,2.40224
89,73,0.917439
90,4,0.672796
90,12,2.40535
90,31,0.572718
90,36,2.11812
90,42,0.587399
90,45,0.556776
90,48,2.12928
90,58,2.39355
90,64,1.48015
90,83,2.39741
90,120,2.40232
90,125,2.76913
91,26,1.46364
91,37,0.858238
91,52,2.5983
91,53,0.729733
91,56,1.12341
91,93,1.9904
91,101,1.23171
91,104,1.73222
91,116,2.25556
91,123,1.72852
91,130,2.75634
91,138,1.01571
92,43,0.989001
92,84,0.933577
92,88,1.16985
92,133,2.45815
92,146,0.969325
93,26,2.9701
93,37,2.8472
93,44,1.27274
93,52,1.75265
93,53,1.77415
93,56,2.60706
93,91,1.9904
93,123,1.52273
93,137,2.66665
93,138,2.94541
94,2,0.56638
94,13,2.42131
94,60,2.22989
94,86,2.84902
94,111,1.207
94,115,2.12607
94,124,1.50265
95,31,2.54401
95,42,2.7508
95,58,2.75305
95,63,1.15163
95,83,2.07611
95,108,1.20425
95,110,1.43855
96,11,2.76019
96,34,0.355599
96,38,1.68277
96,39,2.33835
96,69,1.13127
96,80,1.59693
96,107,0.796002
96,114,0.703966
96,118,2.15455
96,129,1.15843
96,141,1.13259
96,145,2.02734
97,22,2.47273
97,33,2.28085
97,103,0.589735
97,128,1.68037
98,36,1.71637
98,46,2.21246
98,48,2.02631
98,75,1.86069
98,85,0.546146
98,136,1.82939
98,137,2.14896
99,59,2.93933
99,140,1.17144
100,3,0.461664
100,22,2.08889
100,24,1.59103
100,27,2.32568
100,40,2.56187
100,62,0.778618
100,128,1.91505
100,135,2.22335
101,26,1.69752
101,37,0.508459
101,53,1.80962
101,56,1.07467
101,91,1.23171
101,104,0.875089
101,116,1.71959
101,123,2.84637
101,130,2.1483
101,138,0.279064
102,14,2.25001
102,18,2.70011
102,19,2.70983
102,20,0.937303
102,23,2.12505
102,51,1.4179
102,105,0.942507
102,121,2.83899
102,132,1.76105
103,22,2.05814
103,33,2.50101
103,40,2.87267
103,97,0.589735
103,128,1.09486
104,26,2.55729
104,37,1.31859
104,53,2.43502
104,56,0.867828
104,91,1.73222
104,101,0.875089
104,116,2.52699
104,130,2.90538
104,138,0.844346
105,18,2.43673
105,20,1.2607
105,23,2.85588
105,51,2.31887
105,102,0.942507
106,6,2.40557
106,28,1.47272
106,55,1.59405
106,71,0.798549
106,79,0.788627
106,109,2.90317
107,11,2.33852
107,34,1.14676
107,38,2.47758
107,39,1.68676
107,49,2.6382
107,69,0.861063
107,80,0.815537
107,96,0.796002
107,114,0.308529
107,118,1.49195
107,129,1.94013
107,141,0.655901
107,145,1.83303
108,63,0.2093
108,95,1.20425
108,110,1.73524
109,6,2.406
109,13,2.79109
109,28,2.67705
109,35,1.54998
109,55,2.54748
109,81,1.68458
109,106,2.90317
109,132,2.33876
109,142,1.93959
110,31,2.49104
110,63,1.53454
110,95,1.43855
110,108,1.73524
111,2,1.44738
111,6,2.64092
111,13,1.49692
111,60,2.32911
111,86,2.88787
111,94,1.207
111,115,2.6635
111,124,0.40277
112,7,1.65526
112,28,2.55808
112,121,2.30713
113,8,0.452892
113,15,0.896298
113,120,2.82459
113,125,1.52801
113,127,0.999652
113,139,1.52143
114,11,2.64628
114,34,1.05496
114,38,2.33401
114,39,1.98036
114,49,2.47215
114,69,1.13382
114,80,1.05288
114,96,0.703966
114,107,0.308529
114,118,1.78455
114,129,1.77297
114,141,0.956013
114,145,2.11453
115,2,2.64683
115,13,2.71228
115,35,2.95296
115,60,0.886502
115,65,2.65013
115,81,2.81892
115,94,2.12607
115,111,2.6635
115,124,2.62303
116,9,2.75405
116,26,1.19639
116,37,1.56825
116,53,2.29686
116,56,2.73718
116,57,2.39442
116,91,2.25556
116,101,1.71959
116,104,2.52699
116,130,0.501197
116,138,1.92174
117,58,1.96131
117,59,0.928737
117,83,2.40322
117,120,1.86208
117,122,1.12533
117,125,2.35772
117,140,2.18097
118,11,1.16186
118,34,2.44253
118,39,0.196201
118,69,1.18637
118,80,0.838083
118,96,2.15455
118,107,1.49195
118,114,1.78455
118,141,1.04089
118,145,1.34542
119,1,1.2317
119,18,2.94033
119,38,1.75425
119,70,2.59656
119,72,0.342034
119,129,2.18838
120,4,1.82056
120,31,2.60703
120,42,1.84193
120,45,2.22928
120,58,0.560984
120,59,2.66351
120,64,1.88042
120,83,1.2448
120,90,2.40232
120,113,2.82459
120,117,1.86208
120,122,2.62254
120,125,1.31386
121,7,1.08041
121,20,1.93281
121,28,2.80933
121,47,2.83716
121,51,2.49877
121,102,2.83899
121,112,2.30713
121,132,2.29078
122,58,2.48853
122,59,0.441388
122,83,2.65436
122,117,1.12533
122,120,2.62254
122,140,2.17732
123,9,2.59266
123,26,1.84601
123,37,2.35885
123,44,2.05982
123,53,1.03921
123,56,2.80324
123,57,2.86671
123,91,1.72852
123,93,1.52273
123,101,2.84637
123,138,2.69157
124,2,1.81662
124,6,2.28973
124,13,1.09568
124,35,2.71857
124,60,2.16225
124,81,2.63338
124,94,1.50265
124,111,0.40277
124,115,2.62303
125,4,2.09716
125,8,1.97931
125,15,2.32241
125,42,2.37783
125,58,1.87265
125,83,2.54042
125,90,2.76913
125,113,1.52801
125,117,2.35772
125,120,1.31386
125,127,1.98818
126,9,2.77368
126,33,1.26089
127,8,1.05192
127,15,1.581
127,17,2.35435
127,113,0.999652
127,125,1.98818
127,139,1.89065
127,144,2.41556
128,3,1.93435
128,22,1.45126
128,29,2.87616
128,40,2.38139
128,62,2.66869
128,76,2.93987
128,97,1.68037
128,100,1.91505
128,103,1.09486
129,1,2.66982
129,34,0.851324
129,38,0.581254
129,69,2.18203
129,72,2.41927
129,80,2.7513
129,96,1.15843
129,107,1.94013
129,114,1.77297
129,119,2.18838
129,141,2.25493
129,145,2.9052
130,9,2.84648
130,26,1.63881
130,37,2.05017
130,53,2.78239
130,57,2.41258
130,91,2.75634
130,101,2.1483
130,104,2.90538
130,116,0.501197
130,138,2.37181
131,41,1.88542
131,49,2.38936
131,50,2.84019
131,61,1.67724
131,74,1.97847
131,78,1.46306
132,20,1.22907
132,28,2.25993
132,51,2.6928
132,102,1.76105
132,109,2.33876
132,121,2.29078
133,16,2.70418
133,29,2.84253
133,43,2.62996
133,76,2.25682
133,82,2.89117
133,84,2.02589
133,88,2.67754
133,92,2.45815
133,146,1.86029
134,2,2.72673
134,5,1.07504
134,15,2.55907
134,86,0.416867
134,139,1.93085
135,3,2.68306
135,22,2.09633
135,24,2.45061
135,27,0.838365
135,54,1.8986
135,62,2.44291
135,100,2.22335
136,36,2.63273
136,46,1.93865
136,85,2.17269
136,87,1.28252
136,98,1.82939
137,25,2.98762
137,44,2.81235
137,48,2.24857
137,52,1.66848
137,75,0.583919
137,85,2.16406
137,93,2.66665
137,98,2.14896
138,26,1.7314
138,37,0.48408
138,53,1.65308
138,56,0.824645
138,91,1.01571
138,93,2.94541
138,101,0.279064
138,104,0.844346
138,116,1.92174
138,123,2.69157
138,130,2.37181
139,8,1.08057
139,15,0.723792
139,86,1.90264
139,113,1.52143
139,127,1.89065
139,134,1.93085
140,59,1.77676
140,99,1.17144
140,117,2.18097
140,122,2.17732
141,11,1.7022
141,34,1.40363
141,38,2.71897
141,39,1.21583
141,69,0.293827
141,80,0.77494
141,96,1.13259
141,107,0.655901
141,114,0.956013
141,118,1.04089
141,129,2.25493
141,145,1.19198
142,35,1.93883
142,65,1.71578
142,81,1.99923
142,109,1.93959
143,21,2.56799
144,17,0.407662
144,127,2.41556
145,11,0.930423
145,34,2.14143
145,39,1.36793
145,69,0.981641
145,80,1.76479
145,96,2.02734
145,107,1.83303
145,114,2.11453
145,118,1.34542
145,129,2.9052
145,141,1.19198
146,43,1.78297
146,84,1.3988
146,88,0.843184
146,92,0.969325
146,133,1.86029
